#xerox7
[general]
path = ./outputs/case82/
placer_granularity = 1
initial_placement = bstree
decay = 0.9

[interposer]
intp_type = passive
intp_size = 50
link_type = nppl

[chiplets]
chiplet_count = 7
widths = 6.16, 4.9, 8.4, 11.62, 12.18, 8.82, 21.14
heights = 12.95, 12.95, 7.56, 19.39, 16.52, 13.16, 12.95
powers = 48,92,38,46,53,50,73
target_reward = 0
connections = 0,0,0,0,512,256,256;
		0,0,256,0,0,0,0;
		0,256,0,0,256,512,0;
		0,0,0,0,512,256,128;
		512,0,256,512,0,256,512;
		256,0,512,256,256,0,128;
		256,0,0,128,512,128,0

u =  0,0,0,1,2,2,3,3,3,4,4,5
v =  4,5,6,2,4,5,4,5,6,5,6,6
e =  512,256,256,256,256,512,512,256,128,256,512,128
x = 0,0,0,0,0,0,0
y = 0,0,0,0,0,0,0
